-0.618145369775 -0.784851197331 0.043645158652
-0.374337189532 -0.449547583135 0.811035534999
-0.500041463543 -0.230077401661 -0.834878987628
-0.468186183396 -0.869708019745 0.156235905183
0.473808694546 0.336454546448 -0.813820409640
-0.506132352358 0.564528444169 0.652025825885
0.231180774681 0.495556032716 0.837245285360
-0.250543015566 0.919077994580 0.304177312155
0.893666535680 0.074120498590 0.442567819317
0.252131317722 -0.480418211358 -0.840016750321
-0.017317492729 -0.095369105213 -0.995291333337
-0.392273489057 0.827678691440 0.401334640319
-0.732823958459 -0.631412667988 -0.253548986614
0.588937481431 -0.577029714997 0.565852764398
-0.227055344787 -0.574388115088 0.786463072019
-0.140690104130 -0.923840241499 0.355985256417
0.085315351321 0.212597358520 0.973408266854
-0.147652180465 -0.988700439001 -0.025889679862
-0.119349251240 -0.044350702136 0.991861266231
0.030597939340 0.990261845594 -0.135813266176
-0.271957308110 -0.495616945288 -0.824865483645
0.780322552718 -0.151099424108 0.606848974419
0.634568755177 -0.033981640118 -0.772118995420
0.177485962058 -0.288046214637 0.941025032348
-0.289674298990 0.950063036448 0.116056138481
0.074500465806 0.966097085415 0.247196484902
-0.905506527180 0.320961376628 -0.277563909664
0.809622855256 -0.581435556942 0.080271572613
-0.225347704626 -0.665437561688 -0.711625788961
-0.121283457524 -0.403647205627 -0.906840259539
-0.324227538472 0.907487286032 -0.267101720298
-0.223260700285 0.118412258874 0.967539764897
-0.618538340045 -0.771205781473 -0.150505695961
-0.436857138667 0.872877283164 0.217350152820
-0.315863369286 -0.318902693392 -0.893605843809
-0.850224835992 0.526234280768 -0.013971757482
-0.535184008858 -0.274673510433 0.798831984418
-0.471098537938 0.418012965538 0.776744055783
-0.137821952507 -0.965956529820 -0.218936273616
-0.040328355575 -0.722078017394 -0.690635186283
0.293476004520 0.830809772047 0.472892120301
-0.308045854572 -0.942963604286 -0.126203773606
0.542519285959 0.268917612353 0.795836755955
0.205179599623 -0.836980322098 0.507311809757
0.544196594752 0.781215423179 0.305863578817
0.214853979245 -0.099494247633 0.971565058187
-0.293526499387 -0.844958549410 0.447087512616
0.364001294479 -0.207209987105 0.908056759713
0.814490260903 -0.226196612459 -0.534266513461
0.777736879679 -0.566829706308 0.271715715472
0.023011090807 -0.282294759652 -0.959051697445
-0.604159488930 0.785341000502 0.135021571856
0.812573622773 -0.571584050935 -0.114086722675
0.198736915834 -0.921982468019 0.332343146388
0.343896442257 -0.867278706508 -0.359948443865
0.393447634456 -0.902525615120 -0.175061340660
-0.531819892848 0.684460198162 0.498680096559
0.215143710845 0.973600035275 -0.076263720056
-0.068512859964 0.925387598647 0.372778460066
0.531311054194 -0.839420329823 0.114376892647
-0.312864228168 -0.947337681634 0.068317579643
0.902023389189 0.410198440294 -0.134502955120
0.099921440779 0.360894014001 -0.927238489457
0.647603656048 -0.658143034261 0.384001629068
0.118586671562 0.782754280327 -0.610927931885
0.148851029389 0.788905021093 0.596214926637
-0.483477218117 0.235460732961 0.843094314295
-0.930328118472 -0.365547034450 -0.029410161253
0.345889229537 0.863798496605 -0.366350649179
0.556030646964 -0.827464804176 -0.078306560941
0.028848989862 -0.170329375377 0.984964791080
-0.628494773821 0.407084129881 0.662779624369
-0.937370028061 -0.310827896060 0.157236921633
0.240742643449 0.095694463984 0.965860004963
0.773940345656 -0.061799223710 -0.630235826746
-0.973441722924 0.181711599535 -0.139255544466
0.384190207544 -0.923073383082 0.018259624125
-0.069955024401 0.755825727187 -0.651025164400
0.772999691531 -0.556784940242 -0.304075660341
0.494161151784 -0.314185934557 0.810612086386
0.628000244476 0.689400798400 -0.361029406148
-0.878346885480 0.376106701329 0.295043213754
0.038547217263 0.997541845196 0.058518194820
-0.478562239561 0.355042473444 -0.803070996187
-0.555302652918 -0.593631544147 0.582443605387
-0.363197779737 0.063069188820 -0.929574983643
0.305801321196 0.770634223417 -0.559113982703
0.955116649909 0.251157028075 0.157074289159
0.939574353387 0.080095740047 -0.332843366891
-0.360014201316 -0.727074867618 -0.584595511212
-0.483865626686 0.859093830683 -0.166828790664
0.364717891465 -0.842723635111 0.395976936792
-0.302454707540 0.672919677592 -0.675055743917
-0.887579364634 -0.128106272438 0.442483507533
0.294399147356 0.372568269979 -0.880069330360
-0.522246409958 0.606440022096 -0.599574171298
0.907855503687 -0.416952352375 -0.044148842264
0.935748794688 -0.255146049273 0.243463933224
-0.011529729750 0.209534139890 -0.977733352992
-0.875281814585 0.231095850623 0.424825202738
0.133960661081 -0.465776261416 0.874703958825
0.004147918638 0.712539366498 0.701619872838
0.750469182836 -0.339288403236 0.567167863197
-0.737968737345 0.351943308998 -0.575793409091
0.473697696089 -0.004157324931 -0.880677698917
-0.123159199488 -0.832379178142 0.540348697951
-0.468008667203 0.809556978031 -0.354380285491
0.773669294708 0.587868328757 -0.236318959186
0.688256844028 0.695254276713 0.207181097984
0.509656128798 0.816071114008 -0.272540946026
-0.619145284907 0.744214716961 -0.250606407014
-0.594418360330 0.441020696946 -0.672434054587
0.529683828889 0.844317187643 -0.081015603839
-0.640336028432 -0.108966349441 0.760326315066
0.531320681715 -0.803056355677 -0.269812569739
0.221433681190 0.967987454591 0.118183808490
0.687660985230 -0.701281612364 -0.187953370685
0.955847024377 -0.256527345346 -0.143353364379
-0.845606598955 -0.512819377548 -0.148208521397
-0.403870672148 0.071765441186 0.911996821063
0.355882530824 0.523723682598 -0.773990393054
0.892762606333 -0.072135358328 -0.444714986044
0.629129490060 0.648260170321 0.428899564365
-0.162594025502 -0.231284493901 0.959203141025
0.254583932533 0.918223641036 0.303401328836
-0.223420840019 0.808956443713 -0.543757850904
0.428529237624 0.641041907398 -0.636732255709
0.444499334530 -0.491879837700 0.748648493532
0.648693765221 -0.233046948312 0.724489833501
0.819852386898 -0.385833433057 -0.423053927570
-0.747772581592 -0.235098569306 -0.620938667607
-0.804402785732 -0.285618891671 0.520920346144
-0.109129874017 0.976923267109 0.183607191520
-0.161813333424 -0.221352535023 -0.961675361213
-0.406777199715 0.745675200368 -0.527731755108
0.850504127331 -0.400242280289 0.341246020433
-0.590736730029 0.680701462251 -0.433215460347
0.771806152674 0.270201837056 -0.575592069044
-0.986400933273 0.030191448625 0.161560128958
-0.019850775996 0.501168877318 -0.865121785126
-0.790983264158 -0.448856304465 0.415780583678
0.097397586063 -0.617793225671 -0.780285358407
0.081293516368 0.397845311478 0.913843789896
-0.178720147997 -0.797401415830 -0.576376691697
0.106035253662 0.055159809509 -0.992831264816
-0.774801785355 0.384366122668 0.501941109250
-0.514001471646 -0.036304000809 -0.857020715427
0.935132527257 -0.088009502018 0.343193071056
0.370268584845 -0.904526149411 0.211503239003
-0.948007286198 0.200878985957 0.246839661148
0.793769026912 0.043065645020 0.606692741125
-0.716937688801 -0.418004874584 -0.557917803266
0.187059040830 0.653926733855 0.733068033673
0.304072590366 -0.786894820389 -0.536969646659
0.022659568201 -0.997434038402 0.067910846011
0.941740930304 0.245354964319 -0.230054258109
-0.128437434843 -0.899187976946 -0.418287948006
-0.141569995462 0.620569355571 -0.771266238929
-0.451482632895 -0.413320504940 -0.790777840098
-0.201131473520 -0.409087639541 0.890052489202
-0.200429288478 -0.031398778087 -0.979204890232
0.863132605051 -0.236727281913 0.446051902917
0.267965470099 -0.568456017278 0.777851054673
-0.100319826206 0.268989823677 0.957904174345
-0.728628211380 -0.605946579061 0.319264268130
0.402507515729 0.176259728134 -0.898287374964
0.031505252909 -0.991475496634 -0.126426890387
0.493008131349 -0.724306298077 0.481999345424
-0.017476496486 0.866135347551 -0.499503885665
-0.151532966200 0.967866380552 -0.200679918159
0.357942098754 -0.156046052975 -0.920612341483
0.401708457228 0.181243978756 0.897653015121
-0.686757179553 -0.574171600343 -0.445748303072
0.635230031790 0.303451288463 -0.710211322243
-0.683043078083 -0.446862949204 0.577724552110
0.557182259507 -0.360306683259 -0.748149065153
0.880895849902 -0.408183754809 -0.239600759462
-0.254558050155 0.478075513664 -0.840621200265
-0.606806856762 -0.758940426650 0.236209371922
-0.739012725487 -0.660488619145 0.132721420835
0.210208807881 -0.946957117368 -0.243072982777
-0.987074492978 -0.144864828163 0.068542883457
-0.830258067876 0.527641820798 0.179626416964
-0.890207843671 -0.296859771215 0.345549231370
-0.770674576234 0.522449141471 0.364839131840
0.226872983042 -0.717054039409 0.659061570821
-0.216605447656 0.848722180184 0.482444546978
0.995388428779 -0.087470297864 -0.039380488116
0.380460624992 0.924680816371 0.014666310560
0.442361305185 -0.654571162524 -0.613068567834
-0.470357633738 -0.881656710442 -0.038015014353
-0.975181778869 -0.025005293813 -0.219989166651
0.031884051532 -0.896571716635 0.441749435978
0.282460651264 -0.631951968120 -0.721701247385
-0.013222434206 -0.353739793663 0.935250407973
-0.505170894428 0.167232068779 -0.846661563197
0.173889853260 -0.126535713841 -0.976601777623
0.733366073926 -0.500736454560 0.459823014528
0.417435512901 0.886016129159 0.201799433692
-0.911804460318 -0.345373103755 -0.222103681526
0.894647675859 -0.420841323281 0.149993722199
-0.838013917762 -0.315363422930 -0.445284835936
-0.320804057171 0.944093457902 -0.075975651685
-0.329135178791 0.613772006951 0.717602924719
0.294566300314 0.024675609427 -0.955312414354
-0.541420722575 -0.448358963553 0.711222778719
-0.317297469306 0.302780506176 -0.898691427049
-0.813331231213 -0.474737519193 -0.336328107958
0.658840083634 0.731970963154 -0.173632523729
0.147072027157 -0.749307292343 -0.645684443417
-0.089302496759 -0.572323119173 -0.815151097240
-0.473592066607 0.880349635532 0.026364249765
0.813142371770 0.223867078306 0.537292298923
-0.263644117596 -0.731149178010 0.629215907899
0.064003683976 0.020673143836 0.997735510825
-0.747244918915 0.649977768748 -0.138397728627
-0.739615323031 0.670781490412 0.054966954234
0.172127319767 0.518001297438 -0.837882355491
0.166533221286 -0.883165868649 -0.438502833128
-0.293977672870 -0.902075493842 -0.315969826509
0.546113593684 0.443801588620 0.710492851992
0.571159728953 0.813875594339 0.106691522445
-0.849941287674 0.044086670038 0.525029687763
-0.462776198193 -0.855906744115 -0.230785258986
0.396306995238 0.392796341641 0.829850468168
-0.104224889073 0.450145142228 0.886852030175
-0.532995263025 -0.671449345140 -0.514851266391
-0.927158304071 0.363950686844 -0.088979642263
0.210150278831 -0.976354865501 -0.050675802118
-0.999251694985 0.021077402228 -0.032431361134
-0.631641416099 0.259081792640 -0.730688542534
0.475484291046 -0.755814266567 -0.450177168926
-0.646307808955 -0.132432550329 -0.751497063000
-0.956054809290 -0.134695034297 0.260415916120
-0.843951135538 0.495241155134 -0.206113267613
-0.558656989802 0.763902928026 0.323039756530
-0.586084196366 -0.693832240844 0.418452071731
0.969049837444 -0.083856323803 -0.232186411117
-0.131479183583 0.353823052984 -0.926025092242
0.910622588348 -0.235114219045 -0.339834968175
0.812299188728 0.389114605932 0.434465017513
0.170098508434 0.877299247544 -0.448790070844
-0.921900478133 0.372820535096 0.105377213045
-0.974065685162 -0.191905070801 -0.119868614701
0.528479426125 -0.792900700820 0.303344646897
-0.570919381545 -0.522032027647 -0.633666806680
0.039495018121 0.565321624611 0.823924513709
0.672117363435 -0.713218036230 0.198942912832
-0.767719408461 -0.028801397744 -0.640138570437
-0.731149069894 0.599467087569 -0.325668924698
-0.144447759503 0.610267274146 0.778915078093
-0.429959752747 -0.732267320126 0.528127998588
0.008374925884 -0.839551761827 -0.543215150590
-0.363828990138 -0.271241083808 0.891098614290
0.577404437592 -0.515820056932 -0.632877384898
0.966381871552 0.254405299430 -0.037202445581
-0.359284187880 0.738168810956 0.570983081073
0.334980767889 0.709842089231 0.619606402081
0.589635185265 0.606798342320 -0.533034820678
-0.927894370400 -0.181412393306 -0.325732376245
-0.178475720099 0.745047612910 0.642690027799
0.218650292055 0.208870817078 -0.953186776848
0.694472620442 -0.719496530340 0.005702831218
-0.034042777225 0.835402433870 0.548583505769
0.472839659774 0.750807431127 -0.461205873238
0.394471687592 -0.337015635835 -0.854875750557
0.085970395885 -0.636494810531 0.766474687904
0.011725295054 0.945858156774 -0.324368408942
0.963889715081 0.082203752925 0.253296585381
-0.401073052546 -0.581863667848 -0.707513306278
0.732659500942 0.536030809121 -0.419381720336
0.238108462763 0.664208250850 -0.708612559488
-0.979486299109 0.193888262340 0.054899285833
0.424708226636 -0.502817554960 -0.752859501269
0.532420704798 0.600806849510 0.596287952825
0.408635992839 -0.649893933172 0.640823299345
0.049756250964 -0.785682303278 0.616626008051
-0.049846422663 -0.524733455582 0.849805939460
-0.764168468571 0.165086561479 -0.623532660621
-0.200108936626 0.162793123940 -0.966154652362
0.393719294954 -0.015179586867 0.919105378574
0.908612796670 0.413308470598 0.059990781455
-0.457221673333 -0.819767704377 0.344861207293
0.876400953926 0.410438774268 0.251915423376
-0.144408298071 0.989490621684 -0.007386003495
0.250167258961 0.301289439170 0.920130977844
-0.306694693980 0.284024004172 0.908443025037
0.705735876623 0.708341015454 0.013779632542
0.391223065882 0.559976543961 0.730322382880
0.822798779767 0.566195473398 -0.049242805748
-0.414296597217 0.528057433161 -0.741291897175
0.197898087075 0.942961989957 -0.267692048125
-0.806478764272 0.435891242972 -0.399488206432
0.547323928368 0.068833107071 0.834085439752
0.684133777355 0.495063327040 0.535605523591
0.029836844601 -0.948228526465 -0.316184162004
0.529998298655 0.482121659789 -0.697610570867
-0.358129423282 -0.131425506694 -0.924375817712
0.965030494385 -0.257116916947 0.051059141470
-0.480400469871 -0.102438896401 0.871046302473
-0.684503285152 -0.277736259416 0.674031025118
-0.781667312822 -0.115601711251 0.612888616652
0.987603594012 0.082787932928 -0.133361535896
0.699797074841 -0.527239071695 -0.481978231171
0.466817244017 0.742605926171 0.480227132828
0.814910051470 0.561114850891 0.145161055807
-0.148067662972 -0.974564502741 0.168226030030
-0.856760194706 -0.129303967742 -0.499241877945
0.840774064305 0.093181227028 -0.533306883250
0.608447853659 -0.416984800719 0.675214695743
-0.426432172383 -0.802243679293 -0.417804597139
-0.867764931215 0.064905313367 -0.492718301314
0.050899222105 0.648532109952 -0.759483621648
0.322069914597 -0.391588201817 0.861933669321
0.199766300182 -0.969271572699 0.143548053516
-0.935832705189 0.036624133970 0.350536475576
0.571909364415 0.146945591031 -0.807048122587
0.719867378027 0.117229571527 -0.684140472135
0.113068885678 0.893277959120 0.435051623192
-0.291662146673 0.464180853555 0.836342828863
-0.309825767539 -0.914514748204 0.260136058796
-0.573425968987 0.064895275348 0.816683085002
-0.659354541133 0.539559428419 0.523571592326
-0.677500194576 0.526262980084 -0.513848968222
-0.614858203093 -0.347569040103 -0.707916063139
0.984309544713 -0.084482301190 0.154911138956
-0.169228335827 0.907347843505 -0.384813800739
-0.849417548279 -0.525716492750 0.045956478619
0.064470884033 -0.458098599319 -0.886560307263
-0.722074460431 0.052970614133 0.689784450123
-0.590240369830 -0.732528517958 -0.339143444874
-0.301962490158 -0.095849840708 0.948489041884
-0.624631886408 0.778677481900 -0.059130243233
-0.750008315964 -0.658554787859 -0.061588289250
0.766527974580 0.548956354599 0.333289341161
-0.395381051512 -0.602856800342 0.692991704414
-0.092197010709 -0.694375808055 0.713681965868
-0.936296799999 0.134577424841 -0.324402865330
0.690503621030 0.332469474469 0.642393024472
0.906029937127 0.242954120273 0.346530010926
0.850608568377 0.415558802675 -0.322142739981
0.531985086670 -0.125162487928 0.837452219041
-0.647182037468 0.066729343583 -0.759409379112
-0.642927707531 0.225718932645 0.731911829618
0.368492617451 0.912196636112 -0.179193995293
-0.854092153945 0.255014059398 -0.453314925938
0.681817619602 0.442644920123 -0.582400384863
0.212802278050 -0.310520961598 -0.926440458349
0.635498212557 -0.675639736753 -0.373701709867
0.675270695711 -0.040611241781 0.736451094476
0.706395800678 -0.373553388883 -0.601217796176
0.876724738550 0.245699935833 -0.413503656993
-0.706645124258 0.663192512514 0.246634060316
0.023384965333 -0.965358167816 0.259878339280
0.527146260420 -0.185917579180 -0.829187236923
-0.852159885541 -0.468984365714 0.232114614339
-0.777558777245 0.211869353540 0.592041995942
0.676037819472 -0.212153349839 -0.705665517646
0.678707309512 0.153585102800 0.718169899267
0.994380572162 0.086441161085 0.061116310240
